Circuit Id,Generic Linear 5 Qubit Machine,Armonk,Burlington,Essex,Simulator,London,Ourense,Rome,Vigo,Yorktown
1.0,2021-10-10 14.29PM - 1.0 Quantum Teleportation - Generic Linear 5 Qubit Machine - Physical Data Precedence Table.csv,N/A,2021-10-10 14.29PM - 1.0 Quantum Teleportation - Burlington - Physical Data Precedence Table.csv,2021-10-10 14.29PM - 1.0 Quantum Teleportation - Essex - Physical Data Precedence Table.csv,2021-10-10 14.29PM - 1.0 Quantum Teleportation - Simulator - Physical Data Precedence Table.csv,2021-10-10 14.29PM - 1.0 Quantum Teleportation - London - Physical Data Precedence Table.csv,2021-10-10 14.29PM - 1.0 Quantum Teleportation - Ourense - Physical Data Precedence Table.csv,2021-10-10 14.29PM - 1.0 Quantum Teleportation - Rome - Physical Data Precedence Table.csv,2021-10-10 14.29PM - 1.0 Quantum Teleportation - Vigo - Physical Data Precedence Table.csv,2021-10-10 14.29PM - 1.0 Quantum Teleportation - Yorktown - Physical Data Precedence Table.csv
1.1,2021-10-10 14.29PM - 1.1 Superdense coding of 0 - Generic Linear 5 Qubit Machine - Physical Data Precedence Table.csv,N/A,2021-10-10 14.29PM - 1.1 Superdense coding of 0 - Burlington - Physical Data Precedence Table.csv,2021-10-10 14.29PM - 1.1 Superdense coding of 0 - Essex - Physical Data Precedence Table.csv,2021-10-10 14.29PM - 1.1 Superdense coding of 0 - Simulator - Physical Data Precedence Table.csv,2021-10-10 14.29PM - 1.1 Superdense coding of 0 - London - Physical Data Precedence Table.csv,2021-10-10 14.29PM - 1.1 Superdense coding of 0 - Ourense - Physical Data Precedence Table.csv,2021-10-10 14.29PM - 1.1 Superdense coding of 0 - Rome - Physical Data Precedence Table.csv,2021-10-10 14.29PM - 1.1 Superdense coding of 0 - Vigo - Physical Data Precedence Table.csv,2021-10-10 14.29PM - 1.1 Superdense coding of 0 - Yorktown - Physical Data Precedence Table.csv
1.2,2021-10-10 14.29PM - 1.2 Superdense coding of 1 - Generic Linear 5 Qubit Machine - Physical Data Precedence Table.csv,N/A,2021-10-10 14.29PM - 1.2 Superdense coding of 1 - Burlington - Physical Data Precedence Table.csv,2021-10-10 14.29PM - 1.2 Superdense coding of 1 - Essex - Physical Data Precedence Table.csv,2021-10-10 14.29PM - 1.2 Superdense coding of 1 - Simulator - Physical Data Precedence Table.csv,2021-10-10 14.29PM - 1.2 Superdense coding of 1 - London - Physical Data Precedence Table.csv,2021-10-10 14.29PM - 1.2 Superdense coding of 1 - Ourense - Physical Data Precedence Table.csv,2021-10-10 14.29PM - 1.2 Superdense coding of 1 - Rome - Physical Data Precedence Table.csv,2021-10-10 14.29PM - 1.2 Superdense coding of 1 - Vigo - Physical Data Precedence Table.csv,2021-10-10 14.29PM - 1.2 Superdense coding of 1 - Yorktown - Physical Data Precedence Table.csv
1.3,2021-10-10 14.29PM - 1.3 Superdense coding of 2 - Generic Linear 5 Qubit Machine - Physical Data Precedence Table.csv,N/A,2021-10-10 14.29PM - 1.3 Superdense coding of 2 - Burlington - Physical Data Precedence Table.csv,2021-10-10 14.29PM - 1.3 Superdense coding of 2 - Essex - Physical Data Precedence Table.csv,2021-10-10 14.29PM - 1.3 Superdense coding of 2 - Simulator - Physical Data Precedence Table.csv,2021-10-10 14.29PM - 1.3 Superdense coding of 2 - London - Physical Data Precedence Table.csv,2021-10-10 14.29PM - 1.3 Superdense coding of 2 - Ourense - Physical Data Precedence Table.csv,2021-10-10 14.29PM - 1.3 Superdense coding of 2 - Rome - Physical Data Precedence Table.csv,2021-10-10 14.29PM - 1.3 Superdense coding of 2 - Vigo - Physical Data Precedence Table.csv,2021-10-10 14.29PM - 1.3 Superdense coding of 2 - Yorktown - Physical Data Precedence Table.csv
1.4,2021-10-10 14.29PM - 1.4 Superdense coding of 3 - Generic Linear 5 Qubit Machine - Physical Data Precedence Table.csv,N/A,2021-10-10 14.29PM - 1.4 Superdense coding of 3 - Burlington - Physical Data Precedence Table.csv,2021-10-10 14.29PM - 1.4 Superdense coding of 3 - Essex - Physical Data Precedence Table.csv,2021-10-10 14.29PM - 1.4 Superdense coding of 3 - Simulator - Physical Data Precedence Table.csv,2021-10-10 14.29PM - 1.4 Superdense coding of 3 - London - Physical Data Precedence Table.csv,2021-10-10 14.29PM - 1.4 Superdense coding of 3 - Ourense - Physical Data Precedence Table.csv,2021-10-10 14.29PM - 1.4 Superdense coding of 3 - Rome - Physical Data Precedence Table.csv,2021-10-10 14.29PM - 1.4 Superdense coding of 3 - Vigo - Physical Data Precedence Table.csv,2021-10-10 14.29PM - 1.4 Superdense coding of 3 - Yorktown - Physical Data Precedence Table.csv
1.5,2021-10-10 14.29PM - 1.5 Deutsch Algorithm Constant True - Generic Linear 5 Qubit Machine - Physical Data Precedence Table.csv,N/A,2021-10-10 14.29PM - 1.5 Deutsch Algorithm Constant True - Burlington - Physical Data Precedence Table.csv,2021-10-10 14.29PM - 1.5 Deutsch Algorithm Constant True - Essex - Physical Data Precedence Table.csv,2021-10-10 14.29PM - 1.5 Deutsch Algorithm Constant True - Simulator - Physical Data Precedence Table.csv,2021-10-10 14.29PM - 1.5 Deutsch Algorithm Constant True - London - Physical Data Precedence Table.csv,2021-10-10 14.29PM - 1.5 Deutsch Algorithm Constant True - Ourense - Physical Data Precedence Table.csv,2021-10-10 14.29PM - 1.5 Deutsch Algorithm Constant True - Rome - Physical Data Precedence Table.csv,2021-10-10 14.29PM - 1.5 Deutsch Algorithm Constant True - Vigo - Physical Data Precedence Table.csv,2021-10-10 14.29PM - 1.5 Deutsch Algorithm Constant True - Yorktown - Physical Data Precedence Table.csv
1.6,2021-10-10 14.29PM - 1.6 Deutsch Algorithm Constant False - Generic Linear 5 Qubit Machine - Physical Data Precedence Table.csv,N/A,2021-10-10 14.29PM - 1.6 Deutsch Algorithm Constant False - Burlington - Physical Data Precedence Table.csv,2021-10-10 14.29PM - 1.6 Deutsch Algorithm Constant False - Essex - Physical Data Precedence Table.csv,2021-10-10 14.29PM - 1.6 Deutsch Algorithm Constant False - Simulator - Physical Data Precedence Table.csv,2021-10-10 14.29PM - 1.6 Deutsch Algorithm Constant False - London - Physical Data Precedence Table.csv,2021-10-10 14.29PM - 1.6 Deutsch Algorithm Constant False - Ourense - Physical Data Precedence Table.csv,2021-10-10 14.29PM - 1.6 Deutsch Algorithm Constant False - Rome - Physical Data Precedence Table.csv,2021-10-10 14.29PM - 1.6 Deutsch Algorithm Constant False - Vigo - Physical Data Precedence Table.csv,2021-10-10 14.29PM - 1.6 Deutsch Algorithm Constant False - Yorktown - Physical Data Precedence Table.csv
1.7,2021-10-10 14.29PM - 1.7 Deutsch Algorithm Identity - Generic Linear 5 Qubit Machine - Physical Data Precedence Table.csv,N/A,2021-10-10 14.29PM - 1.7 Deutsch Algorithm Identity - Burlington - Physical Data Precedence Table.csv,2021-10-10 14.29PM - 1.7 Deutsch Algorithm Identity - Essex - Physical Data Precedence Table.csv,2021-10-10 14.29PM - 1.7 Deutsch Algorithm Identity - Simulator - Physical Data Precedence Table.csv,2021-10-10 14.29PM - 1.7 Deutsch Algorithm Identity - London - Physical Data Precedence Table.csv,2021-10-10 14.29PM - 1.7 Deutsch Algorithm Identity - Ourense - Physical Data Precedence Table.csv,2021-10-10 14.29PM - 1.7 Deutsch Algorithm Identity - Rome - Physical Data Precedence Table.csv,2021-10-10 14.29PM - 1.7 Deutsch Algorithm Identity - Vigo - Physical Data Precedence Table.csv,2021-10-10 14.29PM - 1.7 Deutsch Algorithm Identity - Yorktown - Physical Data Precedence Table.csv
1.8,2021-10-10 14.29PM - 1.8 Deutsch Algorithm Inversion - Generic Linear 5 Qubit Machine - Physical Data Precedence Table.csv,N/A,2021-10-10 14.29PM - 1.8 Deutsch Algorithm Inversion - Burlington - Physical Data Precedence Table.csv,2021-10-10 14.29PM - 1.8 Deutsch Algorithm Inversion - Essex - Physical Data Precedence Table.csv,2021-10-10 14.29PM - 1.8 Deutsch Algorithm Inversion - Simulator - Physical Data Precedence Table.csv,2021-10-10 14.29PM - 1.8 Deutsch Algorithm Inversion - London - Physical Data Precedence Table.csv,2021-10-10 14.29PM - 1.8 Deutsch Algorithm Inversion - Ourense - Physical Data Precedence Table.csv,2021-10-10 14.29PM - 1.8 Deutsch Algorithm Inversion - Rome - Physical Data Precedence Table.csv,2021-10-10 14.29PM - 1.8 Deutsch Algorithm Inversion - Vigo - Physical Data Precedence Table.csv,2021-10-10 14.29PM - 1.8 Deutsch Algorithm Inversion - Yorktown - Physical Data Precedence Table.csv
1.9,2021-10-10 14.29PM - 1.9 Deutsch-Josza with 3 qubits - Generic Linear 5 Qubit Machine - Physical Data Precedence Table.csv,N/A,2021-10-10 14.29PM - 1.9 Deutsch-Josza with 3 qubits - Burlington - Physical Data Precedence Table.csv,2021-10-10 14.29PM - 1.9 Deutsch-Josza with 3 qubits - Essex - Physical Data Precedence Table.csv,2021-10-10 14.29PM - 1.9 Deutsch-Josza with 3 qubits - Simulator - Physical Data Precedence Table.csv,2021-10-10 14.29PM - 1.9 Deutsch-Josza with 3 qubits - London - Physical Data Precedence Table.csv,2021-10-10 14.29PM - 1.9 Deutsch-Josza with 3 qubits - Ourense - Physical Data Precedence Table.csv,2021-10-10 14.29PM - 1.9 Deutsch-Josza with 3 qubits - Rome - Physical Data Precedence Table.csv,2021-10-10 14.29PM - 1.9 Deutsch-Josza with 3 qubits - Vigo - Physical Data Precedence Table.csv,2021-10-10 14.29PM - 1.9 Deutsch-Josza with 3 qubits - Yorktown - Physical Data Precedence Table.csv
1.10,2021-10-10 14.29PM - 1.10 Bernstein Vazrani for value 3 with 3 qubits - Generic Linear 5 Qubit Machine - Physical Data Precedence Table.csv,N/A,2021-10-10 14.29PM - 1.10 Bernstein Vazrani for value 3 with 3 qubits - Burlington - Physical Data Precedence Table.csv,2021-10-10 14.29PM - 1.10 Bernstein Vazrani for value 3 with 3 qubits - Essex - Physical Data Precedence Table.csv,2021-10-10 14.29PM - 1.10 Bernstein Vazrani for value 3 with 3 qubits - Simulator - Physical Data Precedence Table.csv,2021-10-10 14.29PM - 1.10 Bernstein Vazrani for value 3 with 3 qubits - London - Physical Data Precedence Table.csv,2021-10-10 14.29PM - 1.10 Bernstein Vazrani for value 3 with 3 qubits - Ourense - Physical Data Precedence Table.csv,2021-10-10 14.29PM - 1.10 Bernstein Vazrani for value 3 with 3 qubits - Rome - Physical Data Precedence Table.csv,2021-10-10 14.29PM - 1.10 Bernstein Vazrani for value 3 with 3 qubits - Vigo - Physical Data Precedence Table.csv,2021-10-10 14.29PM - 1.10 Bernstein Vazrani for value 3 with 3 qubits - Yorktown - Physical Data Precedence Table.csv
1.11,2021-10-10 14.29PM - 1.11 Simons Algorithm for 11 - Generic Linear 5 Qubit Machine - Physical Data Precedence Table.csv,N/A,2021-10-10 14.29PM - 1.11 Simons Algorithm for 11 - Burlington - Physical Data Precedence Table.csv,2021-10-10 14.29PM - 1.11 Simons Algorithm for 11 - Essex - Physical Data Precedence Table.csv,2021-10-10 14.29PM - 1.11 Simons Algorithm for 11 - Simulator - Physical Data Precedence Table.csv,2021-10-10 14.29PM - 1.11 Simons Algorithm for 11 - London - Physical Data Precedence Table.csv,2021-10-10 14.29PM - 1.11 Simons Algorithm for 11 - Ourense - Physical Data Precedence Table.csv,2021-10-10 14.29PM - 1.11 Simons Algorithm for 11 - Rome - Physical Data Precedence Table.csv,2021-10-10 14.29PM - 1.11 Simons Algorithm for 11 - Vigo - Physical Data Precedence Table.csv,2021-10-10 14.29PM - 1.11 Simons Algorithm for 11 - Yorktown - Physical Data Precedence Table.csv
1.12,2021-10-10 14.29PM - 1.12 3 Qubit Quantum Fourier Transform - Generic Linear 5 Qubit Machine - Physical Data Precedence Table.csv,N/A,2021-10-10 14.29PM - 1.12 3 Qubit Quantum Fourier Transform - Burlington - Physical Data Precedence Table.csv,2021-10-10 14.29PM - 1.12 3 Qubit Quantum Fourier Transform - Essex - Physical Data Precedence Table.csv,2021-10-10 14.29PM - 1.12 3 Qubit Quantum Fourier Transform - Simulator - Physical Data Precedence Table.csv,2021-10-10 14.29PM - 1.12 3 Qubit Quantum Fourier Transform - London - Physical Data Precedence Table.csv,2021-10-10 14.29PM - 1.12 3 Qubit Quantum Fourier Transform - Ourense - Physical Data Precedence Table.csv,2021-10-10 14.29PM - 1.12 3 Qubit Quantum Fourier Transform - Rome - Physical Data Precedence Table.csv,2021-10-10 14.29PM - 1.12 3 Qubit Quantum Fourier Transform - Vigo - Physical Data Precedence Table.csv,2021-10-10 14.29PM - 1.12 3 Qubit Quantum Fourier Transform - Yorktown - Physical Data Precedence Table.csv
1.13,2021-10-10 14.29PM - 1.13 4 Qubit Quantum Fourier Transform - Generic Linear 5 Qubit Machine - Physical Data Precedence Table.csv,N/A,2021-10-10 14.29PM - 1.13 4 Qubit Quantum Fourier Transform - Burlington - Physical Data Precedence Table.csv,2021-10-10 14.29PM - 1.13 4 Qubit Quantum Fourier Transform - Essex - Physical Data Precedence Table.csv,2021-10-10 14.29PM - 1.13 4 Qubit Quantum Fourier Transform - Simulator - Physical Data Precedence Table.csv,2021-10-10 14.29PM - 1.13 4 Qubit Quantum Fourier Transform - London - Physical Data Precedence Table.csv,2021-10-10 14.29PM - 1.13 4 Qubit Quantum Fourier Transform - Ourense - Physical Data Precedence Table.csv,2021-10-10 14.29PM - 1.13 4 Qubit Quantum Fourier Transform - Rome - Physical Data Precedence Table.csv,2021-10-10 14.29PM - 1.13 4 Qubit Quantum Fourier Transform - Vigo - Physical Data Precedence Table.csv,2021-10-10 14.29PM - 1.13 4 Qubit Quantum Fourier Transform - Yorktown - Physical Data Precedence Table.csv
1.14,2021-10-10 14.29PM - 1.14 5 Qubit Quantum Fourier Transform - Generic Linear 5 Qubit Machine - Physical Data Precedence Table.csv,N/A,2021-10-10 14.29PM - 1.14 5 Qubit Quantum Fourier Transform - Burlington - Physical Data Precedence Table.csv,2021-10-10 14.29PM - 1.14 5 Qubit Quantum Fourier Transform - Essex - Physical Data Precedence Table.csv,2021-10-10 14.29PM - 1.14 5 Qubit Quantum Fourier Transform - Simulator - Physical Data Precedence Table.csv,2021-10-10 14.29PM - 1.14 5 Qubit Quantum Fourier Transform - London - Physical Data Precedence Table.csv,2021-10-10 14.29PM - 1.14 5 Qubit Quantum Fourier Transform - Ourense - Physical Data Precedence Table.csv,2021-10-10 14.29PM - 1.14 5 Qubit Quantum Fourier Transform - Rome - Physical Data Precedence Table.csv,2021-10-10 14.29PM - 1.14 5 Qubit Quantum Fourier Transform - Vigo - Physical Data Precedence Table.csv,2021-10-10 14.29PM - 1.14 5 Qubit Quantum Fourier Transform - Yorktown - Physical Data Precedence Table.csv
1.15,2021-10-10 14.29PM - 1.15 Gover's search with 9 items - Generic Linear 5 Qubit Machine - Physical Data Precedence Table.csv,N/A,2021-10-10 14.29PM - 1.15 Gover's search with 9 items - Burlington - Physical Data Precedence Table.csv,2021-10-10 14.29PM - 1.15 Gover's search with 9 items - Essex - Physical Data Precedence Table.csv,2021-10-10 14.29PM - 1.15 Gover's search with 9 items - Simulator - Physical Data Precedence Table.csv,2021-10-10 14.29PM - 1.15 Gover's search with 9 items - London - Physical Data Precedence Table.csv,2021-10-10 14.29PM - 1.15 Gover's search with 9 items - Ourense - Physical Data Precedence Table.csv,2021-10-10 14.29PM - 1.15 Gover's search with 9 items - Rome - Physical Data Precedence Table.csv,2021-10-10 14.29PM - 1.15 Gover's search with 9 items - Vigo - Physical Data Precedence Table.csv,2021-10-10 14.29PM - 1.15 Gover's search with 9 items - Yorktown - Physical Data Precedence Table.csv
1.16,2021-10-10 14.29PM - 1.16 Quantum Approximate Optimization MaxCut - Generic Linear 5 Qubit Machine - Physical Data Precedence Table.csv,N/A,2021-10-10 14.29PM - 1.16 Quantum Approximate Optimization MaxCut - Burlington - Physical Data Precedence Table.csv,2021-10-10 14.29PM - 1.16 Quantum Approximate Optimization MaxCut - Essex - Physical Data Precedence Table.csv,2021-10-10 14.29PM - 1.16 Quantum Approximate Optimization MaxCut - Simulator - Physical Data Precedence Table.csv,2021-10-10 14.29PM - 1.16 Quantum Approximate Optimization MaxCut - London - Physical Data Precedence Table.csv,2021-10-10 14.29PM - 1.16 Quantum Approximate Optimization MaxCut - Ourense - Physical Data Precedence Table.csv,2021-10-10 14.29PM - 1.16 Quantum Approximate Optimization MaxCut - Rome - Physical Data Precedence Table.csv,2021-10-10 14.29PM - 1.16 Quantum Approximate Optimization MaxCut - Vigo - Physical Data Precedence Table.csv,2021-10-10 14.29PM - 1.16 Quantum Approximate Optimization MaxCut - Yorktown - Physical Data Precedence Table.csv
1.17,2021-10-10 14.29PM - 1.17 011_3_qubit_grover_50_ - Generic Linear 5 Qubit Machine - Physical Data Precedence Table.csv,N/A,2021-10-10 14.29PM - 1.17 011_3_qubit_grover_50_ - Burlington - Physical Data Precedence Table.csv,2021-10-10 14.29PM - 1.17 011_3_qubit_grover_50_ - Essex - Physical Data Precedence Table.csv,2021-10-10 14.29PM - 1.17 011_3_qubit_grover_50_ - Simulator - Physical Data Precedence Table.csv,2021-10-10 14.29PM - 1.17 011_3_qubit_grover_50_ - London - Physical Data Precedence Table.csv,2021-10-10 14.29PM - 1.17 011_3_qubit_grover_50_ - Ourense - Physical Data Precedence Table.csv,2021-10-10 14.29PM - 1.17 011_3_qubit_grover_50_ - Rome - Physical Data Precedence Table.csv,2021-10-10 14.29PM - 1.17 011_3_qubit_grover_50_ - Vigo - Physical Data Precedence Table.csv,2021-10-10 14.29PM - 1.17 011_3_qubit_grover_50_ - Yorktown - Physical Data Precedence Table.csv
1.18,N/A,N/A,N/A,N/A,2021-10-10 14.29PM - 1.18 adder - Simulator - Physical Data Precedence Table.csv,N/A,N/A,N/A,N/A,N/A
1.19,2021-10-10 14.29PM - 1.19 bernstein-vazirani - Generic Linear 5 Qubit Machine - Physical Data Precedence Table.csv,N/A,2021-10-10 14.29PM - 1.19 bernstein-vazirani - Burlington - Physical Data Precedence Table.csv,2021-10-10 14.29PM - 1.19 bernstein-vazirani - Essex - Physical Data Precedence Table.csv,2021-10-10 14.29PM - 1.19 bernstein-vazirani - Simulator - Physical Data Precedence Table.csv,2021-10-10 14.29PM - 1.19 bernstein-vazirani - London - Physical Data Precedence Table.csv,2021-10-10 14.29PM - 1.19 bernstein-vazirani - Ourense - Physical Data Precedence Table.csv,2021-10-10 14.29PM - 1.19 bernstein-vazirani - Rome - Physical Data Precedence Table.csv,2021-10-10 14.29PM - 1.19 bernstein-vazirani - Vigo - Physical Data Precedence Table.csv,2021-10-10 14.29PM - 1.19 bernstein-vazirani - Yorktown - Physical Data Precedence Table.csv
1.20,N/A,N/A,N/A,N/A,2021-10-10 14.29PM - 1.20 bigadder - Simulator - Physical Data Precedence Table.csv,N/A,N/A,N/A,N/A,N/A
1.21,2021-10-10 14.29PM - 1.21 Deutsch_Algorithm - Generic Linear 5 Qubit Machine - Physical Data Precedence Table.csv,N/A,2021-10-10 14.29PM - 1.21 Deutsch_Algorithm - Burlington - Physical Data Precedence Table.csv,2021-10-10 14.29PM - 1.21 Deutsch_Algorithm - Essex - Physical Data Precedence Table.csv,2021-10-10 14.29PM - 1.21 Deutsch_Algorithm - Simulator - Physical Data Precedence Table.csv,2021-10-10 14.29PM - 1.21 Deutsch_Algorithm - London - Physical Data Precedence Table.csv,2021-10-10 14.29PM - 1.21 Deutsch_Algorithm - Ourense - Physical Data Precedence Table.csv,2021-10-10 14.29PM - 1.21 Deutsch_Algorithm - Rome - Physical Data Precedence Table.csv,2021-10-10 14.29PM - 1.21 Deutsch_Algorithm - Vigo - Physical Data Precedence Table.csv,2021-10-10 14.29PM - 1.21 Deutsch_Algorithm - Yorktown - Physical Data Precedence Table.csv
1.22,2021-10-10 14.29PM - 1.22 inverseqft1 - Generic Linear 5 Qubit Machine - Physical Data Precedence Table.csv,N/A,2021-10-10 14.29PM - 1.22 inverseqft1 - Burlington - Physical Data Precedence Table.csv,2021-10-10 14.29PM - 1.22 inverseqft1 - Essex - Physical Data Precedence Table.csv,2021-10-10 14.29PM - 1.22 inverseqft1 - Simulator - Physical Data Precedence Table.csv,2021-10-10 14.29PM - 1.22 inverseqft1 - London - Physical Data Precedence Table.csv,2021-10-10 14.29PM - 1.22 inverseqft1 - Ourense - Physical Data Precedence Table.csv,2021-10-10 14.29PM - 1.22 inverseqft1 - Rome - Physical Data Precedence Table.csv,2021-10-10 14.29PM - 1.22 inverseqft1 - Vigo - Physical Data Precedence Table.csv,2021-10-10 14.29PM - 1.22 inverseqft1 - Yorktown - Physical Data Precedence Table.csv
1.23,2021-10-10 14.29PM - 1.23 inverseqft2 - Generic Linear 5 Qubit Machine - Physical Data Precedence Table.csv,N/A,2021-10-10 14.29PM - 1.23 inverseqft2 - Burlington - Physical Data Precedence Table.csv,2021-10-10 14.29PM - 1.23 inverseqft2 - Essex - Physical Data Precedence Table.csv,2021-10-10 14.29PM - 1.23 inverseqft2 - Simulator - Physical Data Precedence Table.csv,2021-10-10 14.29PM - 1.23 inverseqft2 - London - Physical Data Precedence Table.csv,2021-10-10 14.29PM - 1.23 inverseqft2 - Ourense - Physical Data Precedence Table.csv,2021-10-10 14.29PM - 1.23 inverseqft2 - Rome - Physical Data Precedence Table.csv,2021-10-10 14.29PM - 1.23 inverseqft2 - Vigo - Physical Data Precedence Table.csv,2021-10-10 14.29PM - 1.23 inverseqft2 - Yorktown - Physical Data Precedence Table.csv
1.24,2021-10-10 14.29PM - 1.24 ipea_3_pi_8 - Generic Linear 5 Qubit Machine - Physical Data Precedence Table.csv,N/A,2021-10-10 14.29PM - 1.24 ipea_3_pi_8 - Burlington - Physical Data Precedence Table.csv,2021-10-10 14.29PM - 1.24 ipea_3_pi_8 - Essex - Physical Data Precedence Table.csv,2021-10-10 14.29PM - 1.24 ipea_3_pi_8 - Simulator - Physical Data Precedence Table.csv,2021-10-10 14.29PM - 1.24 ipea_3_pi_8 - London - Physical Data Precedence Table.csv,2021-10-10 14.29PM - 1.24 ipea_3_pi_8 - Ourense - Physical Data Precedence Table.csv,2021-10-10 14.29PM - 1.24 ipea_3_pi_8 - Rome - Physical Data Precedence Table.csv,2021-10-10 14.29PM - 1.24 ipea_3_pi_8 - Vigo - Physical Data Precedence Table.csv,2021-10-10 14.29PM - 1.24 ipea_3_pi_8 - Yorktown - Physical Data Precedence Table.csv
1.25,2021-10-10 14.29PM - 1.25 iswap - Generic Linear 5 Qubit Machine - Physical Data Precedence Table.csv,N/A,2021-10-10 14.29PM - 1.25 iswap - Burlington - Physical Data Precedence Table.csv,2021-10-10 14.29PM - 1.25 iswap - Essex - Physical Data Precedence Table.csv,2021-10-10 14.29PM - 1.25 iswap - Simulator - Physical Data Precedence Table.csv,2021-10-10 14.29PM - 1.25 iswap - London - Physical Data Precedence Table.csv,2021-10-10 14.29PM - 1.25 iswap - Ourense - Physical Data Precedence Table.csv,2021-10-10 14.29PM - 1.25 iswap - Rome - Physical Data Precedence Table.csv,2021-10-10 14.29PM - 1.25 iswap - Vigo - Physical Data Precedence Table.csv,2021-10-10 14.29PM - 1.25 iswap - Yorktown - Physical Data Precedence Table.csv
1.26,2021-10-10 14.29PM - 1.26 pea_3_pi_8 - Generic Linear 5 Qubit Machine - Physical Data Precedence Table.csv,N/A,2021-10-10 14.29PM - 1.26 pea_3_pi_8 - Burlington - Physical Data Precedence Table.csv,2021-10-10 14.29PM - 1.26 pea_3_pi_8 - Essex - Physical Data Precedence Table.csv,2021-10-10 14.29PM - 1.26 pea_3_pi_8 - Simulator - Physical Data Precedence Table.csv,2021-10-10 14.29PM - 1.26 pea_3_pi_8 - London - Physical Data Precedence Table.csv,2021-10-10 14.29PM - 1.26 pea_3_pi_8 - Ourense - Physical Data Precedence Table.csv,2021-10-10 14.29PM - 1.26 pea_3_pi_8 - Rome - Physical Data Precedence Table.csv,2021-10-10 14.29PM - 1.26 pea_3_pi_8 - Vigo - Physical Data Precedence Table.csv,2021-10-10 14.29PM - 1.26 pea_3_pi_8 - Yorktown - Physical Data Precedence Table.csv
1.27,2021-10-10 14.29PM - 1.27 qec - Generic Linear 5 Qubit Machine - Physical Data Precedence Table.csv,N/A,2021-10-10 14.29PM - 1.27 qec - Burlington - Physical Data Precedence Table.csv,2021-10-10 14.29PM - 1.27 qec - Essex - Physical Data Precedence Table.csv,2021-10-10 14.29PM - 1.27 qec - Simulator - Physical Data Precedence Table.csv,2021-10-10 14.29PM - 1.27 qec - London - Physical Data Precedence Table.csv,2021-10-10 14.29PM - 1.27 qec - Ourense - Physical Data Precedence Table.csv,2021-10-10 14.29PM - 1.27 qec - Rome - Physical Data Precedence Table.csv,2021-10-10 14.29PM - 1.27 qec - Vigo - Physical Data Precedence Table.csv,2021-10-10 14.29PM - 1.27 qec - Yorktown - Physical Data Precedence Table.csv
1.28,2021-10-10 14.29PM - 1.28 qe_qft_3 - Generic Linear 5 Qubit Machine - Physical Data Precedence Table.csv,N/A,2021-10-10 14.29PM - 1.28 qe_qft_3 - Burlington - Physical Data Precedence Table.csv,2021-10-10 14.29PM - 1.28 qe_qft_3 - Essex - Physical Data Precedence Table.csv,2021-10-10 14.29PM - 1.28 qe_qft_3 - Simulator - Physical Data Precedence Table.csv,2021-10-10 14.29PM - 1.28 qe_qft_3 - London - Physical Data Precedence Table.csv,2021-10-10 14.29PM - 1.28 qe_qft_3 - Ourense - Physical Data Precedence Table.csv,2021-10-10 14.29PM - 1.28 qe_qft_3 - Rome - Physical Data Precedence Table.csv,2021-10-10 14.29PM - 1.28 qe_qft_3 - Vigo - Physical Data Precedence Table.csv,2021-10-10 14.29PM - 1.28 qe_qft_3 - Yorktown - Physical Data Precedence Table.csv
1.29,2021-10-10 14.29PM - 1.29 qe_qft_4 - Generic Linear 5 Qubit Machine - Physical Data Precedence Table.csv,N/A,2021-10-10 14.29PM - 1.29 qe_qft_4 - Burlington - Physical Data Precedence Table.csv,2021-10-10 14.29PM - 1.29 qe_qft_4 - Essex - Physical Data Precedence Table.csv,2021-10-10 14.29PM - 1.29 qe_qft_4 - Simulator - Physical Data Precedence Table.csv,2021-10-10 14.29PM - 1.29 qe_qft_4 - London - Physical Data Precedence Table.csv,2021-10-10 14.29PM - 1.29 qe_qft_4 - Ourense - Physical Data Precedence Table.csv,2021-10-10 14.29PM - 1.29 qe_qft_4 - Rome - Physical Data Precedence Table.csv,2021-10-10 14.29PM - 1.29 qe_qft_4 - Vigo - Physical Data Precedence Table.csv,2021-10-10 14.29PM - 1.29 qe_qft_4 - Yorktown - Physical Data Precedence Table.csv
1.30,2021-10-10 14.29PM - 1.30 qe_qft_5 - Generic Linear 5 Qubit Machine - Physical Data Precedence Table.csv,N/A,2021-10-10 14.29PM - 1.30 qe_qft_5 - Burlington - Physical Data Precedence Table.csv,2021-10-10 14.29PM - 1.30 qe_qft_5 - Essex - Physical Data Precedence Table.csv,2021-10-10 14.29PM - 1.30 qe_qft_5 - Simulator - Physical Data Precedence Table.csv,2021-10-10 14.29PM - 1.30 qe_qft_5 - London - Physical Data Precedence Table.csv,2021-10-10 14.29PM - 1.30 qe_qft_5 - Ourense - Physical Data Precedence Table.csv,2021-10-10 14.29PM - 1.30 qe_qft_5 - Rome - Physical Data Precedence Table.csv,2021-10-10 14.29PM - 1.30 qe_qft_5 - Vigo - Physical Data Precedence Table.csv,2021-10-10 14.29PM - 1.30 qe_qft_5 - Yorktown - Physical Data Precedence Table.csv
1.31,2021-10-10 14.29PM - 1.31 qft - Generic Linear 5 Qubit Machine - Physical Data Precedence Table.csv,N/A,2021-10-10 14.29PM - 1.31 qft - Burlington - Physical Data Precedence Table.csv,2021-10-10 14.29PM - 1.31 qft - Essex - Physical Data Precedence Table.csv,2021-10-10 14.29PM - 1.31 qft - Simulator - Physical Data Precedence Table.csv,2021-10-10 14.29PM - 1.31 qft - London - Physical Data Precedence Table.csv,2021-10-10 14.29PM - 1.31 qft - Ourense - Physical Data Precedence Table.csv,2021-10-10 14.29PM - 1.31 qft - Rome - Physical Data Precedence Table.csv,2021-10-10 14.29PM - 1.31 qft - Vigo - Physical Data Precedence Table.csv,2021-10-10 14.29PM - 1.31 qft - Yorktown - Physical Data Precedence Table.csv
1.32,2021-10-10 14.29PM - 1.32 qpt - Generic Linear 5 Qubit Machine - Physical Data Precedence Table.csv,2021-10-10 14.29PM - 1.32 qpt - Armonk - Physical Data Precedence Table.csv,2021-10-10 14.29PM - 1.32 qpt - Burlington - Physical Data Precedence Table.csv,2021-10-10 14.29PM - 1.32 qpt - Essex - Physical Data Precedence Table.csv,2021-10-10 14.29PM - 1.32 qpt - Simulator - Physical Data Precedence Table.csv,2021-10-10 14.29PM - 1.32 qpt - London - Physical Data Precedence Table.csv,2021-10-10 14.29PM - 1.32 qpt - Ourense - Physical Data Precedence Table.csv,2021-10-10 14.29PM - 1.32 qpt - Rome - Physical Data Precedence Table.csv,2021-10-10 14.29PM - 1.32 qpt - Vigo - Physical Data Precedence Table.csv,2021-10-10 14.29PM - 1.32 qpt - Yorktown - Physical Data Precedence Table.csv
1.33,2021-10-10 14.29PM - 1.33 rb - Generic Linear 5 Qubit Machine - Physical Data Precedence Table.csv,N/A,2021-10-10 14.29PM - 1.33 rb - Burlington - Physical Data Precedence Table.csv,2021-10-10 14.29PM - 1.33 rb - Essex - Physical Data Precedence Table.csv,2021-10-10 14.29PM - 1.33 rb - Simulator - Physical Data Precedence Table.csv,2021-10-10 14.29PM - 1.33 rb - London - Physical Data Precedence Table.csv,2021-10-10 14.29PM - 1.33 rb - Ourense - Physical Data Precedence Table.csv,2021-10-10 14.29PM - 1.33 rb - Rome - Physical Data Precedence Table.csv,2021-10-10 14.29PM - 1.33 rb - Vigo - Physical Data Precedence Table.csv,2021-10-10 14.29PM - 1.33 rb - Yorktown - Physical Data Precedence Table.csv
1.34,2021-10-10 14.29PM - 1.34 teleport - Generic Linear 5 Qubit Machine - Physical Data Precedence Table.csv,N/A,2021-10-10 14.29PM - 1.34 teleport - Burlington - Physical Data Precedence Table.csv,2021-10-10 14.29PM - 1.34 teleport - Essex - Physical Data Precedence Table.csv,2021-10-10 14.29PM - 1.34 teleport - Simulator - Physical Data Precedence Table.csv,2021-10-10 14.29PM - 1.34 teleport - London - Physical Data Precedence Table.csv,2021-10-10 14.29PM - 1.34 teleport - Ourense - Physical Data Precedence Table.csv,2021-10-10 14.29PM - 1.34 teleport - Rome - Physical Data Precedence Table.csv,2021-10-10 14.29PM - 1.34 teleport - Vigo - Physical Data Precedence Table.csv,2021-10-10 14.29PM - 1.34 teleport - Yorktown - Physical Data Precedence Table.csv
1.35,2021-10-10 14.29PM - 1.35 teleportv2 - Generic Linear 5 Qubit Machine - Physical Data Precedence Table.csv,N/A,2021-10-10 14.29PM - 1.35 teleportv2 - Burlington - Physical Data Precedence Table.csv,2021-10-10 14.29PM - 1.35 teleportv2 - Essex - Physical Data Precedence Table.csv,2021-10-10 14.29PM - 1.35 teleportv2 - Simulator - Physical Data Precedence Table.csv,2021-10-10 14.29PM - 1.35 teleportv2 - London - Physical Data Precedence Table.csv,2021-10-10 14.29PM - 1.35 teleportv2 - Ourense - Physical Data Precedence Table.csv,2021-10-10 14.29PM - 1.35 teleportv2 - Rome - Physical Data Precedence Table.csv,2021-10-10 14.29PM - 1.35 teleportv2 - Vigo - Physical Data Precedence Table.csv,2021-10-10 14.29PM - 1.35 teleportv2 - Yorktown - Physical Data Precedence Table.csv
1.36,2021-10-10 14.29PM - 1.36 W-state - Generic Linear 5 Qubit Machine - Physical Data Precedence Table.csv,N/A,2021-10-10 14.29PM - 1.36 W-state - Burlington - Physical Data Precedence Table.csv,2021-10-10 14.29PM - 1.36 W-state - Essex - Physical Data Precedence Table.csv,2021-10-10 14.29PM - 1.36 W-state - Simulator - Physical Data Precedence Table.csv,2021-10-10 14.29PM - 1.36 W-state - London - Physical Data Precedence Table.csv,2021-10-10 14.29PM - 1.36 W-state - Ourense - Physical Data Precedence Table.csv,2021-10-10 14.29PM - 1.36 W-state - Rome - Physical Data Precedence Table.csv,2021-10-10 14.29PM - 1.36 W-state - Vigo - Physical Data Precedence Table.csv,2021-10-10 14.29PM - 1.36 W-state - Yorktown - Physical Data Precedence Table.csv
1.37,2021-10-10 14.29PM - 1.37 W3test - Generic Linear 5 Qubit Machine - Physical Data Precedence Table.csv,N/A,2021-10-10 14.29PM - 1.37 W3test - Burlington - Physical Data Precedence Table.csv,2021-10-10 14.29PM - 1.37 W3test - Essex - Physical Data Precedence Table.csv,2021-10-10 14.29PM - 1.37 W3test - Simulator - Physical Data Precedence Table.csv,2021-10-10 14.29PM - 1.37 W3test - London - Physical Data Precedence Table.csv,2021-10-10 14.29PM - 1.37 W3test - Ourense - Physical Data Precedence Table.csv,2021-10-10 14.29PM - 1.37 W3test - Rome - Physical Data Precedence Table.csv,2021-10-10 14.29PM - 1.37 W3test - Vigo - Physical Data Precedence Table.csv,2021-10-10 14.29PM - 1.37 W3test - Yorktown - Physical Data Precedence Table.csv
1.38,N/A,N/A,N/A,N/A,2021-10-10 14.29PM - 1.38 Shors Quantum Kernel - Simulator - Physical Data Precedence Table.csv,N/A,N/A,N/A,N/A,N/A
